Ivy T.;22;null;5.2
